1111111111111111111111110000000000000000000000000000000000000000000000000000000000000000000000000000000000000000000000000000000000
1111111111110000000000040000000000000000000000000000000000000000000000000000000000000000000000000000000000000000000000000000000000
4000000020000000000000040000000000000000000000000000000000000000000000000000000000000000000000000000000000000000000000000000000000
4000000020000000000000040000000000000000000000000000000000000000000000000000000000000000000000000000000000000000000000000000000000
4000000020000000000000040000000000000000000000000000000000000000000000000000000000000000000000000000000000000000000000000000000000
4000000020000000000000040000000000000000000000000000000000000000000000000000000000000000000000000000000000000000000000000000000000
4000000020000000000000040000000000000000000000000000000000000000000000000000000000000000000000000000000000000000000000000000000000
3333333330000004000000004000000000000000000000000000000000000000000000000000000000000000000000000000000000000000000000000000000000
2000004020040004000000004000000000000000000000000000000000000000000000000000000000000000000000000000000000000000000000000000000000
2000004020040004000000004000000000000000000000000000000000000000000000000000000000000000000000000000000000000000000000000000000000
2000004020040004000000004000000000000000000000000000000000000000000000000000000000000000000000000000000000000000000000000000000000
2000004020040004000000004000000000000000000000000000000000000000000000000000000000000000000000000000000000000000000000000000000000
2000004020040004000000004000000000000000000000000000000000000000000000000000000000000000000000000000000000000000000000000000000000
2333333333333333333333330000000000000000000000000000000000000000000000000000000000000000000000000000000000000000000000000000000000
0000000000000000000000000000000000000000000000000000000000000000000000000000000000000000000000000000000000000000000000000000000000
0000000000000000000000000000000000000000000000000000000000000000000000000000000000000000000000000000000000000000000000000000000000
0000000000000000000000000000000000000000000000000000000000000000000000000000000000000000000000000000000000000000000000000000000000
0000000000000000000000000000000000000000000000000000000000000000000000000000000000000000000000000000000000000000000000000000000000
0000000000000000000000000000000000000000000000000000000000000000000000000000000000000000000000000000000000000000000000000000000000
0000000000000000000000000000000000000000000000000000000000000000000000000000000000000000000000000000000000000000000000000000000000
0000000000000000000000000000000000000000000000000000000000000000000000000000000000000000000000000000000000000000000000000000000000
0000000000000000000000000000000000000000000000000000000000000000000000000000000000000000000000000000000000000000000000000000000000
0000000000000000000000000000000000000000000000000000000000000000000000000000000000000000000000000000000000000000000000000000000000
0000000000000000000000000000000000000000000000000000000000000000000000000000000000000000000000000000000000000000000000000000000000
0000000000000000000000000000000000000000000000000000000000000000000000000000000000000000000000000000000000000000000000000000000000
0000000000000000000000000000000000000000000000000000000000000000000000000000000000000000000000000000000000000000000000000000000000
0000000000000000000000000000000000000000000000000000000000000000000000000000000000000000000000000000000000000000000000000000000000
0000000000000000000000000000000000000000000000000000000000000000000000000000000000000000000000000000000000000000000000000000000000
0111111111111111111111111000000000000000000000000000000000000000000000000000000000000000000000000000000000000000000000000000000000
0200000000000040000000004000000000000000000000000000000000000000000000000000000000000000000000000000000000000000000000000000000000
0200000000000040000000004000000000000000000000000000000000000000000000000000000000000000000000000000000000000000000000000000000000
0200000000000040000000004000000000000000000000000000000000000000000000000000000000000000000000000000000000000000000000000000000000
0200000000000040000000004000000000000000000000000000000000000000000000000000000000000000000000000000000000000000000000000000000000
0200000000000040000000004000000000000000000000000000000000000000000000000000000000000000000000000000000000000000000000000000000000
0200000000000040000000004000000000000000000000000000000000000000000000000000000000000000000000000000000000000000000000000000000000
0200000000000040000000004000000000000000000000000000000000000000000000000000000000000000000000000000000000000000000000000000000000
0200000000000040000000004000000000000000000000000000000000000000000000000000000000000000000000000000000000000000000000000000000000
0200000000000040000000004000000000000000000000000000000000000000000000000000000000000000000000000000000000000000000000000000000000
0200000000000040000000004000000000000000000000000000000000000000000000000000000000000000000000000000000000000000000000000000000000
0200000000000040000000004000000000000000000000000000000000000000000000000000000000000000000000000000000000000000000000000000000000
0233333333333333333333333000000000000000000000000000000000000000000000000000000000000000000000000000000000000000000000000000000000
